3
476
-0.0251327412300000	-0.610899619000000	-2.78084967000000	-0.153938040000000
-0.229336263700000	-0.697730344300000	-3.11788181300000	-0.263893782900000
-0.333008821300000	6.22014158100000	4.07528510800000	0.141371669400000
0.502654824600000	-4.21345648100000	-0.916859234500000	0.216769893100000
-0.0879645943000000	-5.12281446800000	1.89054233500000	-0.232477856400000
0.587477826200000	8.60919157700000	-0.177692101200000	0.904778684200000
0.0314159265400000	-7.40532318600000	1.19068952400000	-0.257610597600000
-0.263893782900000	3.36263324900000	-2.67866688700000	-0.163362818000000
-0.103672557600000	1.64998260100000	-0.785372483400000	-0.0314159265400000
-0.00314159265400000	0.614637719500000	1.34621777400000	0.0502654824600000
0.254469004900000	5.93248870900000	-2.12757142300000	0.417831822900000
-0.185353966600000	-9.45417453500000	0.903846866200000	-0.559203492300000
-0.00314159265400000	10.8974686900000	-4.70168301800000	0.336150413900000
0.0942477796100000	-5.21791528900000	3.14828880000000	-0.0439822971500000
-0.169646003300000	-4.30819297000000	-0.516866567500000	-0.361283155200000
-0.0722566310300000	0.666626647700000	2.17227676000000	0.0565486677600000
-0.0785398163400000	-8.01011632300000	1.07975669100000	-0.395840674400000
0.279601746200000	12.5593060000000	4.61760396600000	0.980176907900000
1.52681403000000	7.19148482300000	-1.41326710300000	1.67132729200000
0.0125663706100000	-16.3115765600000	3.41615634600000	-0.612610567500000
-0.898495498900000	-3.08218041500000	-1.17910634000000	-0.961327352000000
-0.775973385400000	3.93690998500000	-0.826444676900000	-0.521504380500000
-0.298451302100000	3.04373345300000	4.00685196400000	0.0157079632700000
0.483805268700000	9.11253137800000	-0.820787759900000	0.810530904600000
0.552920307000000	-9.24550190000000	3.21282923500000	0.172787595900000
-0.260752190200000	-10.8352186900000	4.62361017900000	-0.568628270300000
0.587477826200000	13.2106657900000	0.333054006300000	1.14668131900000
0.735132680900000	-6.53654449500000	2.73500644400000	0.442964564200000
0.103672557600000	-8.23945510000000	-2.33482192200000	-0.370707933100000
-0.923628240200000	-11.5395877200000	-1.75608569600000	-1.41999987900000
-1.44513262100000	12.1367792000000	3.93822289300000	-0.584336233600000
0.609468974800000	25.2685597400000	0.109060587900000	1.70588481100000
2.03575204000000	-7.40932562100000	0.376924272300000	1.55822995600000
0.882787535700000	-15.0184445800000	-2.26762737800000	0
-0.882787535700000	-15.5384164800000	4.45712299200000	-1.34146006300000
-0.238761041700000	8.94337296300000	-3.30657230900000	0.0785398163400000
0.213628300400000	1.77840155200000	1.39328744000000	0.307876080100000
0.524645973100000	6.07529626300000	0.201501095400000	0.750840644200000
0.945619388700000	4.75439854900000	2.88537470900000	1.15924768900000
0.169646003300000	-13.0993504400000	-0.689079429000000	-0.474380490700000
-1.05243353900000	-10.6350087200000	1.24530133500000	-1.38858395300000
-0.00942477796100000	17.0309678800000	3.71185235900000	0.904778684200000
1.78442462700000	16.1742361700000	-1.07797877300000	2.39703519500000
2.82429179600000	8.53778241000000	-0.726695716100000	3.17615017300000
3.46203510400000	5.67122471500000	-3.56422382700000	3.65681384900000
3.71336251700000	0.838708577300000	4.19797851000000	3.94584037300000
4.44221201200000	10.9334189400000	1.15657460600000	5.14907035900000
6.21721186100000	24.3328004200000	3.32736826600000	7.48013210800000
8.40376034800000	12.8269173700000	-4.28737724100000	8.75247713300000
8.14300815800000	-13.2483865100000	3.91117016000000	7.50526484900000
6.74499942700000	-17.3214768800000	-1.11571345900000	5.84964552100000
5.43181369800000	9.58670337200000	3.47297502800000	6.10725611900000
6.84238880000000	12.3616311000000	0.480136165900000	7.35132680900000
7.47070733000000	-14.4923425600000	-0.434662737900000	6.65075164800000
5.93446852300000	-10.5913116400000	0.629632864200000	5.52920307000000
5.21818539800000	-6.49138289000000	-1.88728881100000	4.96685798500000
5.96588444900000	14.8388838500000	-2.11806288500000	6.62247731400000
7.00261002500000	-5.12533915800000	0.868929965800000	6.70415872300000
6.33973397500000	-7.79783317400000	4.96335102300000	6.15123841600000
5.75853933400000	-6.83519881100000	-0.279942811200000	5.50721192200000
5.30614999200000	-4.75192649400000	-1.31796158000000	5.15221195200000
6.48110564400000	15.4881445500000	-1.90260606100000	7.10314099000000
7.07486665600000	-6.23170879600000	-2.19870428600000	6.60991094300000
6.18265434200000	-5.50728865100000	-2.82571591800000	5.86535348400000
5.80252163100000	3.90889690000000	1.52361060000000	6.09154815500000
6.38057467900000	4.06374537300000	0.345991189600000	6.55022068300000
6.78898172400000	6.09407843600000	2.59290244500000	7.09685780400000
6.97747728400000	-5.95862637700000	4.02764730000000	6.75756579800000
6.77327376100000	1.89285233500000	4.22295508300000	6.95234454200000
7.24451265900000	6.64689509800000	4.25653914500000	7.59322944400000
7.74716748400000	-7.37183664100000	-4.11146542600000	7.11570736000000
6.09783134100000	-22.3030426900000	0.440178446300000	5.11451284000000
4.56787571800000	-5.88904847000000	-4.61097902500000	4.26628282400000
4.14376071000000	1.84417060700000	-4.14527192700000	4.19088460000000
4.18774300700000	0.213335777100000	-1.96383655200000	4.21915893400000
4.28827397200000	1.24739335700000	2.29577867400000	4.55530934800000
5.12707921100000	13.3380313000000	-3.63374943600000	5.75225614900000
6.29261008500000	9.86484241500000	-2.70695504000000	6.64446846200000
6.92092861600000	6.56543042600000	-0.339079150700000	7.13769850900000
6.22035345400000	-13.4008528900000	4.27112965400000	5.76168092700000
6.14809682300000	4.69131471500000	-3.78422971400000	6.24548619500000
6.28946849200000	1.90471101700000	-0.663065431200000	6.36800830900000
6.56592864600000	2.88598736600000	1.24559589600000	6.70730031500000
6.37429149400000	-3.36465903300000	-3.11916620100000	6.10411452600000
5.77424729700000	-5.89733957900000	-3.65697686900000	5.44752166100000
5.24017654600000	-2.22273488900000	-4.12141404100000	5.15221195200000
5.81822959400000	11.8301878800000	2.60223864200000	6.52194634900000
6.86123835500000	-7.98826351100000	4.00905270000000	6.55964546100000
6.24234460300000	-8.15259152900000	-2.46633086400000	5.78681366800000
5.29672521400000	-9.79627092200000	3.04423826400000	5.06110576500000
6.19522071300000	17.2166630400000	4.95668168800000	7.17225602800000
7.79114978100000	-8.41298505500000	3.56255932800000	7.37331795800000
6.84867198500000	-12.2621168400000	-2.10866629100000	6.13553045200000
5.37212343800000	-14.6699854000000	-2.58794596500000	4.70296420200000
4.13119433900000	-11.0148790100000	-4.49000016100000	3.53743332800000
2.96880505800000	-10.3198650000000	1.57983389200000	2.48185819600000
1.86610603600000	-15.1481903000000	3.55642913700000	1.12783176300000
0.439822971500000	-12.5572143100000	0.148608906700000	-0.188495559200000
4.712388980e-02	1.984131147e+00	2.000000000e+00	2.073451151e-01
2.073451151e-01	3.914071324e+00	2.000000000e+00	4.303981935e-01
4.303981935e-01	4.700893826e+00	2.000000000e+00	6.597344573e-01
6.597344573e-01	4.278004422e+00	2.000000000e+00	8.388052385e-01
8.388052385e-01	2.894823986e+00	2.000000000e+00	9.330530181e-01
8.105309046e-01	-4.123924312e+00	-2.000000000e+00	4.492477495e-01
4.492477495e-01	-9.661639081e+00	-2.000000000e+00	-1.225221135e-01
-1.225221135e-01	-1.243092532e+01	-2.000000000e+00	-7.414158662e-01
-7.414158662e-01	-1.175502874e+01	-2.000000000e+00	-1.262920247e+00
-1.262920247e+00	-9.032296454e+00	-2.000000000e+00	-1.627344995e+00
-1.627344995e+00	-5.764004601e+00	-2.000000000e+00	-1.831548517e+00
-1.831548517e+00	-2.950963486e+00	-1.800000000e+00	-1.891238777e+00
-1.580221105e+00	7.145142557e+00	2.000000000e+00	-1.027300798e+00
-1.027300798e+00	1.453424711e+01	2.000000000e+00	-1.539380400e-01
-1.539380400e-01	1.951741755e+01	2.000000000e+00	8.293804605e-01
8.293804605e-01	1.913356985e+01	2.000000000e+00	1.696460033e+00
1.696460033e+00	1.538150681e+01	9.000000000e-01	2.337344934e+00
2.337344934e+00	1.066396389e+01	-7.000000000e-01	2.736327201e+00
2.736327201e+00	5.816137360e+00	-4.000000000e-01	2.946813909e+00
2.946813909e+00	3.202149980e+00	-9.000000000e-01	3.031636911e+00
3.031636911e+00	1.161265697e+00	1.000000000e-01	3.037920096e+00
3.220132470e+00	3.131236740e+00	-2.000000000e+00	3.320663435e+00
3.260973174e+00	-8.794372599e-01	4.000000000e-01	3.245265211e+00
3.260973174e+00	1.361381161e+00	-2.000000000e+00	3.270397952e+00
2.990796206e+00	-3.711250235e+00	2.000000000e+00	2.852566129e+00
2.852566129e+00	-2.127001744e+00	2.000000000e+00	2.780309498e+00
2.780309498e+00	-1.181931597e+00	2.000000000e+00	2.755176757e+00
2.792875869e+00	7.214407500e-01	2.000000000e+00	2.858849315e+00
2.858849315e+00	1.505333903e+00	1.800000000e+00	2.962521872e+00
2.962521872e+00	2.480541313e+00	-2.000000000e-01	3.053628059e+00
3.053628059e+00	1.375399985e+00	0.000000000e+00	3.091327171e+00
3.091327171e+00	6.594695360e-01	0.000000000e+00	3.097610356e+00
3.132167876e+00	9.524141544e-01	0.000000000e+00	3.182433358e+00
3.220132470e+00	2.022287899e+00	-2.000000000e+00	3.260973174e+00
3.141592654e+00	1.287557211e+00	-6.000000000e-01	3.182433358e+00
3.292389101e+00	-4.750380894e-01	-5.000000000e-01	3.276681138e+00
3.276681138e+00	-3.219850104e-01	-3.000000000e-01	3.276681138e+00
3.276681138e+00	-1.826801092e-01	-4.000000000e-01	3.276681138e+00
3.276681138e+00	-1.058029496e-01	-5.000000000e-01	3.276681138e+00
3.276681138e+00	-7.445532149e-02	-5.000000000e-01	3.276681138e+00
3.276681138e+00	-5.742329088e-02	-6.000000000e-01	3.273539545e+00
3.273539545e+00	-4.674941602e-02	-5.000000000e-01	3.273539545e+00
1.979203372e-01	3.659064402e+00	2.000000000e+00	4.084070450e-01
4.084070450e-01	4.384796708e+00	2.000000000e+00	6.188937528e-01
6.188937528e-01	3.952646996e+00	2.000000000e+00	7.853981634e-01
7.853981634e-01	2.778774443e+00	2.000000000e+00	8.733627577e-01
8.733627577e-01	1.320473712e+00	2.000000000e+00	8.765043504e-01
3.769911184e-01	-9.688953329e+00	-2.000000000e+00	-1.884955592e-01
-1.884955592e-01	-1.228009099e+01	-2.000000000e+00	-7.948229414e-01
-7.948229414e-01	-1.154488850e+01	-2.000000000e+00	-1.303760951e+00
-1.303760951e+00	-8.640763670e+00	-2.000000000e+00	-1.649336143e+00
-1.649336143e+00	-5.480866396e+00	-2.000000000e+00	-1.837831702e+00
-1.837831702e+00	-2.649235075e+00	-2.000000000e+00	-1.888097185e+00
-1.360309619e+00	9.990985863e+00	2.000000000e+00	-6.817256058e-01
-6.817256058e-01	1.645126932e+01	2.000000000e+00	2.387610417e-01
2.387610417e-01	1.923976235e+01	2.000000000e+00	1.162389282e+00
1.162389282e+00	1.709564917e+01	2.000000000e+00	1.916371519e+00
1.916371519e+00	1.323675721e+01	1.000000000e+00	2.466150233e+00
2.466150233e+00	9.307991752e+00	0.000000000e+00	2.843141351e+00
2.843141351e+00	6.166219825e+00	-2.000000000e+00	3.034778503e+00
3.034778503e+00	2.405363503e+00	-1.300000000e+00	3.066194430e+00
3.141592654e+00	2.185970571e+00	-2.000000000e+00	3.185574951e+00
3.132167876e+00	-4.972722667e-01	4.000000000e-01	3.122743098e+00
3.122743098e+00	-2.483533806e-01	1.000000000e-01	3.122743098e+00
3.122743098e+00	-1.248908659e-01	1.000000000e-01	3.125884690e+00
3.125884690e+00	-8.343850394e-02	0.000000000e+00	3.125884690e+00
3.125884690e+00	-6.262934500e-02	0.000000000e+00	3.125884690e+00
3.125884690e+00	-5.013967783e-02	0.000000000e+00	3.125884690e+00
3.169866987e+00	5.791037596e-01	-1.000000000e-01	3.194999729e+00
3.194999729e+00	5.025103528e-01	-5.000000000e-01	3.207566099e+00
3.201282914e+00	-1.781275873e-01	-2.000000000e-01	3.191858136e+00
3.191858136e+00	-1.370406184e-01	-1.000000000e-01	3.194999729e+00
3.194999729e+00	-1.370406184e-01	-2.000000000e-01	3.194999729e+00
3.194999729e+00	-9.751938745e-02	-2.000000000e-01	3.194999729e+00
3.194999729e+00	-7.025755726e-02	-2.000000000e-01	3.194999729e+00
3.194999729e+00	-5.490225216e-02	-2.000000000e-01	3.194999729e+00
3.194999729e+00	-4.505960375e-02	-3.000000000e-01	3.194999729e+00
4.084070450e-02	1.807769484e+00	2.000000000e+00	1.947787445e-01
1.947787445e-01	3.795745980e+00	2.000000000e+00	4.115486376e-01
4.115486376e-01	4.553617157e+00	2.000000000e+00	6.346017160e-01
6.346017160e-01	4.135460002e+00	2.000000000e+00	8.073893120e-01
8.073893120e-01	2.851039101e+00	2.000000000e+00	9.016370916e-01
7.099999397e-01	-6.945384291e+00	-2.000000000e+00	2.324778564e-01
2.324778564e-01	-1.155816179e+01	-2.000000000e+00	-3.989822670e-01
-3.989822670e-01	-1.299381292e+01	-2.000000000e+00	-1.011592834e+00
-1.011592834e+00	-1.115502727e+01	-2.000000000e+00	-1.485973325e+00
-1.485973325e+00	-7.952665095e+00	-2.000000000e+00	-1.793849405e+00
-1.793849405e+00	-4.683519474e+00	-2.000000000e+00	-1.950929038e+00
-1.765575071e+00	7.987417264e+00	2.000000000e+00	-1.165530874e+00
-1.165530874e+00	1.559546473e+01	2.000000000e+00	-2.387610417e-01
-2.387610417e-01	2.060834977e+01	2.000000000e+00	8.136724973e-01
8.136724973e-01	2.041445120e+01	1.900000000e+00	1.737300737e+00
1.737300737e+00	1.640295297e+01	1.000000000e-01	2.403318380e+00
2.403318380e+00	1.074986704e+01	-8.000000000e-01	2.814867018e+00
2.814867018e+00	6.257178907e+00	-2.000000000e+00	3.000220984e+00
3.000220984e+00	2.208444385e+00	-5.000000000e-01	3.037920096e+00
3.037920096e+00	5.219744021e-01	7.000000000e-01	3.041061689e+00
3.041061689e+00	1.695760161e-01	1.100000000e+00	3.075619208e+00
3.075619208e+00	8.462048104e-01	1.000000000e-01	3.125884690e+00
3.125884690e+00	9.525735877e-01	-1.000000000e-01	3.163583802e+00
3.163583802e+00	7.021765302e-01	-1.000000000e-01	3.188716543e+00
3.188716543e+00	5.455283524e-01	-5.000000000e-01	3.201282914e+00
3.176150173e+00	-2.050617969e-01	0.000000000e+00	3.157300617e+00
3.157300617e+00	-3.956299890e-01	1.000000000e-01	3.144734246e+00
3.144734246e+00	-2.748067899e-01	1.000000000e-01	3.144734246e+00
3.144734246e+00	-1.755934977e-01	0.000000000e+00	3.144734246e+00
3.144734246e+00	-1.033544536e-01	0.000000000e+00	3.144734246e+00
3.144734246e+00	-7.322785087e-02	0.000000000e+00	3.144734246e+00
3.144734246e+00	-5.670096656e-02	0.000000000e+00	3.144734246e+00
3.144734246e+00	-4.626822761e-02	0.000000000e+00	3.144734246e+00
2.199114858e-01	3.845205107e+00	2.000000000e+00	4.303981935e-01
4.303981935e-01	4.387603488e+00	2.000000000e+00	6.408849013e-01
6.408849013e-01	3.875793004e+00	2.000000000e+00	7.979645340e-01
7.979645340e-01	2.570061780e+00	2.000000000e+00	8.765043504e-01
6.691592352e-01	-6.987058688e+00	-2.000000000e+00	1.884955592e-01
1.884955592e-01	-1.157990726e+01	-2.000000000e+00	-4.366813788e-01
-4.366813788e-01	-1.277908920e+01	-2.000000000e+00	-1.036725576e+00
-1.036725576e+00	-1.082977161e+01	-2.000000000e+00	-1.498539696e+00
-1.498539696e+00	-7.743972853e+00	-2.000000000e+00	-1.796990998e+00
-1.796990998e+00	-4.555061429e+00	-2.000000000e+00	-1.944645853e+00
-1.737300737e+00	8.214544519e+00	2.000000000e+00	-1.124690170e+00
-1.124690170e+00	1.573131444e+01	2.000000000e+00	-1.947787445e-01
-1.947787445e-01	2.053118859e+01	2.000000000e+00	8.482300165e-01
8.482300165e-01	2.010954457e+01	2.000000000e+00	1.768716664e+00
1.768716664e+00	1.622121257e+01	1.000000000e-01	2.425309529e+00
2.425309529e+00	1.067604364e+01	-9.000000000e-01	2.827433388e+00
2.827433388e+00	6.085225321e+00	-2.000000000e+00	3.006504169e+00
3.006504169e+00	1.783069866e+00	0.000000000e+00	3.056769652e+00
3.056769652e+00	8.054257888e-01	3.000000000e-01	3.088185578e+00
3.088185578e+00	6.069812432e-01	2.000000000e-01	3.116459912e+00
3.116459912e+00	5.600699263e-01	0.000000000e+00	3.138451061e+00
3.138451061e+00	4.830622233e-01	0.000000000e+00	3.157300617e+00
3.157300617e+00	3.398564870e-01	0.000000000e+00	3.173008580e+00
3.173008580e+00	3.371589494e-01	0.000000000e+00	3.194999729e+00
3.194999729e+00	4.471683166e-01	-4.000000000e-01	3.210707692e+00
3.210707692e+00	4.101521784e-01	-4.000000000e-01	3.213849285e+00
3.213849285e+00	1.753312506e-01	-1.000000000e-01	3.216990877e+00
3.166725395e+00	-8.010978028e-01	5.000000000e-01	3.141592654e+00
3.185574951e+00	5.425684181e-01	-4.000000000e-01	3.201282914e+00
3.191858136e+00	-1.773230438e-01	-1.000000000e-01	3.185574951e+00
3.185574951e+00	-1.452079384e-01	-1.000000000e-01	3.185574951e+00
3.185574951e+00	-1.452079384e-01	-1.000000000e-01	3.188716543e+00
3.188716543e+00	-1.035980366e-01	-1.000000000e-01	3.188716543e+00
3.188716543e+00	-7.335174663e-02	-2.000000000e-01	3.188716543e+00
3.188716543e+00	-5.677754515e-02	-2.000000000e-01	3.188716543e+00
3.188716543e+00	-4.631152061e-02	-2.000000000e-01	3.188716543e+00
3.169866987e+00	-1.344974721e-01	0.000000000e+00	3.169866987e+00
3.169866987e+00	-1.344974721e-01	0.000000000e+00	3.169866987e+00
3.169866987e+00	-1.037304440e-01	0.000000000e+00	3.173008580e+00
3.173008580e+00	-7.341209613e-02	-1.000000000e-01	3.173008580e+00
3.173008580e+00	-5.681505046e-02	-1.000000000e-01	3.173008580e+00
3.173008580e+00	-4.633103548e-02	-1.000000000e-01	3.173008580e+00
5.654866776e-02	2.038609405e+00	1.964636311e+00	2.230530784e-01
2.230530784e-01	4.032556639e+00	2.013964747e+00	4.523893421e-01
4.523893421e-01	4.797430940e+00	2.261703579e+00	6.911503838e-01
6.911503838e-01	4.602890530e+00	2.065128143e+00	8.890707210e-01
8.890707210e-01	3.345326524e+00	1.854636483e+00	9.927432785e-01
8.639379797e-01	-3.891646760e+00	-1.796625066e+00	5.152211952e-01
5.152211952e-01	-9.346645843e+00	-2.040474621e+00	-4.712388980e-02
-4.712388980e-02	-1.252696288e+01	-1.768376596e+00	-6.691592352e-01
-6.691592352e-01	-1.194356354e+01	-2.132126904e+00	-1.203229986e+00
-1.203229986e+00	-9.305981293e+00	-1.615481729e+00	-1.570796327e+00
-1.570796327e+00	-5.604930350e+00	-2.114592873e+00	-1.771858257e+00
-1.771858257e+00	-2.789982236e+00	-2.011065599e+00	-1.834690110e+00
-1.520530844e+00	7.508941845e+00	1.671333201e+00	-9.613273520e-01
-9.613273520e-01	1.432779376e+01	1.893662138e+00	-1.099557429e-01
-1.099557429e-01	1.883484120e+01	2.174903914e+00	8.482300165e-01
8.482300165e-01	1.875402759e+01	2.139198363e+00	1.702743218e+00
1.702743218e+00	1.524852212e+01	1.231579736e+00	2.346769712e+00
2.346769712e+00	1.093778065e+01	-4.784500410e-01	2.764601535e+00
2.764601535e+00	6.376777806e+00	-1.305584170e+00	2.975088243e+00
2.975088243e+00	2.760133569e+00	-8.476376667e-01	3.028495318e+00
3.028495318e+00	7.206339978e-01	6.814369597e-01	3.025353725e+00
3.025353725e+00	2.120131139e-01	1.297617643e+00	3.044203281e+00
3.044203281e+00	4.870194703e-01	6.465940258e-01	3.091327171e+00
3.091327171e+00	9.606995649e-01	2.171549296e-01	3.135309468e+00
3.135309468e+00	8.149782665e-01	-3.399556629e-02	3.163583802e+00
3.163583802e+00	5.954902687e-01	-2.327656998e-01	3.169866987e+00
3.169866987e+00	3.032214974e-01	2.431211352e-03	3.160442210e+00
3.110176727e+00	-1.052098210e+00	1.152270941e+00	3.072477615e+00
3.229557248e+00	2.759123525e+00	-1.943862875e+00	3.304955472e+00
3.141592654e+00	-3.241000207e+00	1.814787375e+00	3.031636911e+00
3.031636911e+00	-1.394259154e+00	2.051385954e+00	3.025353725e+00
3.279822730e+00	3.684229815e+00	-1.675173211e+00	3.421194400e+00
3.421194400e+00	2.136297691e+00	-1.805980224e+00	3.484026253e+00
3.408628029e+00	-1.933293983e+00	-3.393655086e-01	3.323805027e+00
3.323805027e+00	-1.491465141e+00	1.031101073e-02	3.276681138e+00
3.276681138e+00	-8.439576129e-01	-3.763579081e-01	3.248406804e+00
3.248406804e+00	-5.461487453e-01	-3.418954349e-01	3.220132470e+00
3.220132470e+00	-6.077567278e-01	-5.982836361e-01	3.173008580e+00
3.173008580e+00	-1.063341512e+00	8.723050049e-01	3.141592654e+00
3.141592654e+00	-6.355740052e-01	1.570723318e-01	3.138451061e+00
3.138451061e+00	-1.800592220e-01	1.807144649e-01	3.138451061e+00
3.138451061e+00	-1.048929560e-01	-1.315756217e-01	3.132167876e+00
3.132167876e+00	-7.884471336e-02	-1.297891184e-01	3.107035134e+00
3.107035134e+00	-5.660713232e-01	5.039705844e-01	3.081902393e+00
3.213849285e+00	1.977911239e+00	-1.698163537e+00	3.254689989e+00
3.041061689e+00	-3.009263429e+00	2.126450844e+00	2.946813909e+00
3.012787355e+00	1.863024303e+00	1.137556217e-01	3.097610356e+00
3.097610356e+00	1.433232166e+00	-9.787657411e-01	3.110176727e+00
3.110176727e+00	-9.433371172e-01	8.779486689e-01	3.088185578e+00
3.223274063e+00	1.718306692e+00	-1.751949068e+00	3.248406804e+00
3.050486467e+00	-2.618096147e+00	2.302360630e+00	2.984513021e+00
3.147875839e+00	2.869375589e+00	-1.903033877e+00	3.220132470e+00
2.997079392e+00	-3.441525156e+00	2.178981440e+00	2.874557278e+00
2.874557278e+00	-1.763603161e+00	1.930072963e+00	2.833716574e+00
2.877698871e+00	1.062393841e+00	2.160652753e+00	2.968805058e+00
2.968805058e+00	2.335675218e+00	-1.267527858e-01	3.050486467e+00
3.050486467e+00	1.130730248e+00	-1.549636173e-01	3.069336023e+00
3.069336023e+00	3.822327235e-01	2.512297713e-01	3.059911245e+00
2.544690049e-01	4.563262972e+00	2.312239782e+00	5.120796025e-01
5.120796025e-01	5.331369285e+00	1.714820744e+00	7.476990516e-01
7.476990516e-01	3.993047680e+00	2.094696605e+00	9.047786842e-01
9.047786842e-01	2.467633191e+00	1.620125632e+00	9.550441667e-01
6.440264940e-01	-8.366077054e+00	-2.243049262e+00	9.424777961e-02
9.424777961e-02	-1.285808850e+01	-2.349112356e+00	-5.906194189e-01
-5.906194189e-01	-1.378615842e+01	-1.440535386e+00	-1.200088394e+00
-1.200088394e+00	-1.035316575e+01	-1.814648951e+00	-1.624203402e+00
-1.624203402e+00	-6.779272711e+00	-1.795532380e+00	-1.872389222e+00
-1.872389222e+00	-3.558576238e+00	-2.081278004e+00	-1.979203372e+00
-1.715309589e+00	8.684055191e+00	1.969975397e+00	-1.086991058e+00
-1.086991058e+00	1.607680880e+01	2.578958549e+00	-1.225221135e-01
-1.225221135e-01	2.148327063e+01	2.054314410e+00	9.550441667e-01
9.550441667e-01	2.066766454e+01	6.800269717e-01	1.840973295e+00
1.840973295e+00	1.488649250e+01	-5.386621371e-02	2.431592714e+00
2.431592714e+00	9.162640542e+00	2.674803306e-01	2.799159054e+00
2.799159054e+00	6.082525331e+00	-2.369469920e+00	2.965663465e+00
2.965663465e+00	1.725493072e+00	2.144433172e-01	2.984513021e+00
2.984513021e+00	4.675173866e-01	1.290742296e+00	3.003362577e+00
3.003362577e+00	2.207880950e-01	1.419822582e+00	3.072477615e+00
3.072477615e+00	1.872927883e+00	-8.008618166e-01	3.132167876e+00
3.132167876e+00	7.908486345e-01	1.741019175e-01	3.154159024e+00
3.154159024e+00	4.459121339e-01	-2.151313029e-01	3.169866987e+00
3.169866987e+00	2.997002874e-01	-2.695212282e-01	3.169866987e+00
3.110176727e+00	-9.549231302e-01	9.960510941e-01	3.085043986e+00
3.245265211e+00	2.458140089e+00	-1.850818957e+00	3.317521842e+00
3.176150173e+00	-2.670038774e+00	1.882291095e+00	3.107035134e+00
3.160442210e+00	1.262684795e+00	-8.567256450e-01	3.198141321e+00
3.160442210e+00	-6.140701835e-01	-7.028846705e-01	3.103893542e+00
3.103893542e+00	-1.397865122e+00	1.414104113e+00	3.063052837e+00
3.276681138e+00	3.826568311e+00	-2.036850230e+00	3.414911214e+00
3.414911214e+00	2.015530474e+00	-2.292225924e+00	3.452610326e+00
3.295530694e+00	-2.550004817e+00	1.877232656e+00	3.245265211e+00
3.188716543e+00	-2.734680710e+00	1.961516071e+00	3.122743098e+00
3.147875839e+00	-2.284807639e-01	4.393553717e-02	3.147875839e+00
3.147875839e+00	-1.196975085e-01	3.392637850e-01	3.154159024e+00
3.163583802e+00	7.006997166e-02	2.156333067e-01	3.166725395e+00
3.166725395e+00	7.006997166e-02	4.186008680e-01	3.185574951e+00
3.185574951e+00	4.167481064e-01	5.258559148e-01	3.232698841e+00
3.232698841e+00	1.105568092e+00	-1.766014125e+00	3.245265211e+00
3.075619208e+00	-1.816775417e+00	1.547337549e+00	3.034778503e+00
3.207566099e+00	2.619051047e+00	-2.449469455e+00	3.257831582e+00
2.965663465e+00	-3.835961649e+00	2.089966690e+00	2.824291796e+00
2.824291796e+00	-2.090526177e+00	1.919580331e+00	2.755176757e+00
2.755176757e+00	-1.173319178e+00	1.742268188e+00	2.720619238e+00
2.720619238e+00	-6.040356677e-01	2.143258930e+00	2.717477645e+00
2.818008610e+00	1.643320691e+00	1.466085677e+00	2.909114797e+00
2.909114797e+00	1.921849089e+00	2.247423681e-01	2.975088243e+00
2.975088243e+00	1.051038586e+00	8.475403376e-01	3.012787355e+00
3.012787355e+00	7.411210082e-01	9.289004768e-01	3.056769652e+00
3.056769652e+00	9.170901611e-01	4.337716826e-02	3.091327171e+00
3.091327171e+00	6.549291195e-01	-1.629969070e-01	3.094468764e+00
3.094468764e+00	1.816489273e-01	6.211116929e-01	3.094468764e+00
3.094468764e+00	1.054121077e-01	4.553405286e-01	3.103893542e+00
3.103893542e+00	1.000471204e-01	8.253001973e-02	3.107035134e+00
3.107035134e+00	1.000471204e-01	5.998366731e-01	3.113318320e+00
3.113318320e+00	1.021165455e-01	2.581066666e-01	3.119601505e+00
3.119601505e+00	1.021165455e-01	3.100091799e-01	3.122743098e+00
3.122743098e+00	1.563688467e-01	5.646365351e-01	3.129026283e+00
3.129026283e+00	1.392727421e-01	3.666835764e-01	3.141592654e+00
3.141592654e+00	1.119618395e-01	4.742950397e-01	3.163583802e+00
5.340707511e-02	1.855722169e+00	2.315661866e+00	2.136283004e-01
2.136283004e-01	4.081729833e+00	1.885535790e+00	4.366813788e-01
4.366813788e-01	4.460740488e+00	1.709018478e+00	6.377433087e-01
6.377433087e-01	3.451252708e+00	1.253593115e+00	7.508406442e-01
7.508406442e-01	1.453512270e+00	1.404036270e+00	7.571238295e-01
2.921681168e-01	-9.141256187e+00	-1.774546428e+00	-2.324778564e-01
-2.324778564e-01	-1.121350764e+01	-2.864115270e+00	-8.136724973e-01
-8.136724973e-01	-1.161200865e+01	-1.719252040e+00	-1.316327322e+00
-1.316327322e+00	-8.430858753e+00	-2.253792411e+00	-1.655619328e+00
-1.655619328e+00	-5.539964451e+00	-1.648012437e+00	-1.834690110e+00
-1.627344995e+00	7.088047915e+00	1.555509653e+00	-1.086991058e+00
-1.086991058e+00	1.396425025e+01	2.437897872e+00	-2.261946711e-01
-2.261946711e-01	1.968686281e+01	1.767081461e+00	7.634070148e-01
7.634070148e-01	1.903695091e+01	2.247590301e+00	1.639911365e+00
1.639911365e+00	1.572475272e+01	1.118496723e+00	2.302787415e+00
2.302787415e+00	1.127597610e+01	3.258770424e-01	2.767743128e+00
2.767743128e+00	7.878087762e+00	-2.718276840e+00	3.012787355e+00
3.012787355e+00	2.503936526e+00	-1.677070047e+00	3.044203281e+00
3.166725395e+00	2.298209585e+00	-2.008832431e+00	3.220132470e+00
3.116459912e+00	-1.378190601e+00	1.318282366e+00	3.091327171e+00
3.279822730e+00	2.137887756e+00	-2.372550985e+00	3.320663435e+00
3.119601505e+00	-3.302612199e+00	1.905087071e+00	3.006504169e+00
3.100751949e+00	2.832243777e+00	-1.962027079e+00	3.173008580e+00
3.154159024e+00	-3.069346316e-01	-2.611636118e-01	3.151017432e+00
3.151017432e+00	-1.764052918e-01	-8.773997415e-02	3.144734246e+00
3.144734246e+00	-1.036361635e-01	-3.553086674e-01	3.129026283e+00
3.129026283e+00	-2.881406178e-01	-9.503160288e-02	3.100751949e+00
3.100751949e+00	-5.594704472e-01	3.603675865e-01	3.078760801e+00
3.179291765e+00	1.582795068e+00	-1.372706501e+00	3.216990877e+00
3.107035134e+00	-1.335282414e+00	1.218518138e+00	3.081902393e+00
3.273539545e+00	2.424234027e+00	-1.994373920e+00	3.339512991e+00
3.179291765e+00	-3.274179886e+00	2.089989336e+00	3.091327171e+00
3.270397952e+00	2.712642008e+00	-1.901687783e+00	3.361504139e+00
3.304955472e+00	-1.804276252e+00	1.069950809e+00	3.267256360e+00
3.122743098e+00	-2.356921822e+00	1.885389038e+00	3.069336023e+00
3.279822730e+00	2.693262619e+00	-2.594310983e+00	3.339512991e+00
3.050486467e+00	-4.764162022e+00	2.171304609e+00	2.877698871e+00
2.909114797e+00	2.036118286e+00	-1.278412824e-01	2.984513021e+00
2.984513021e+00	1.059319030e+00	1.511922986e+00	3.053628059e+00
3.053628059e+00	1.803855382e+00	-1.938224042e-01	3.129026283e+00
3.129026283e+00	1.259657615e+00	7.895477487e-02	3.182433358e+00
3.182433358e+00	1.024750881e+00	-1.171782684e+00	3.194999729e+00
3.194999729e+00	2.870843685e-01	6.720995077e-01	3.204424507e+00
3.204424507e+00	2.995980213e-01	-6.415862959e-02	3.238982026e+00
3.116459912e+00	-2.054062725e+00	1.656443324e+00	3.072477615e+00
3.267256360e+00	3.257663897e+00	-2.060236219e+00	3.377212103e+00
3.377212103e+00	1.346971118e+00	-9.855208137e-01	3.421194400e+00
3.396061659e+00	-8.713447505e-01	-7.067633390e-01	3.345796176e+00
3.345796176e+00	-9.118923565e-01	-4.094807752e-01	3.330088213e+00
3.330088213e+00	-3.895695901e-01	-8.109262337e-01	3.330088213e+00
3.330088213e+00	-1.936105068e-01	-1.261250722e+00	3.320663435e+00
2.387610417e-01	3.578654470e+00	2.418710699e+00	4.492477495e-01
4.492477495e-01	4.584767674e+00	2.037832146e+00	6.723008279e-01
6.723008279e-01	4.066868865e+00	2.814123928e+00	8.607963871e-01
8.607963871e-01	3.602076913e+00	1.782477742e+00	9.801769079e-01
8.827875357e-01	-3.608196335e+00	-2.620380445e+00	5.089380099e-01
5.089380099e-01	-1.051267563e+01	-1.816788480e+00	-1.068141502e-01
-1.068141502e-01	-1.337411121e+01	-2.222926853e+00	-7.822565707e-01
-7.822565707e-01	-1.312671736e+01	-1.495100611e+00	-1.347743248e+00
-1.347743248e+00	-9.418449940e+00	-2.414604752e+00	-1.743583923e+00
-1.743583923e+00	-6.690096488e+00	-2.021437420e+00	-1.998052928e+00
-1.998052928e+00	-3.811191148e+00	-2.113028944e+00	-2.126858226e+00
-2.126858226e+00	-1.856693240e+00	-2.042533108e+00	-2.164557338e+00
-1.828406924e+00	8.987079123e+00	3.141591839e+00	-1.137256541e+00
-1.137256541e+00	1.785788523e+01	2.072576064e+00	-9.424777961e-02
-9.424777961e-02	2.263786037e+01	2.009074828e+00	1.030442390e+00
1.030442390e+00	2.142223211e+01	1.486488861e-01	1.932079482e+00
1.932079482e+00	1.479302979e+01	-2.508831556e-01	2.516415716e+00
2.516415716e+00	9.165982183e+00	-3.878380384e-01	2.871415685e+00
2.871415685e+00	5.627520544e+00	-1.374914315e+00	3.056769652e+00
3.056769652e+00	2.515233909e+00	-1.423819565e+00	3.100751949e+00
3.100751949e+00	6.822766651e-01	8.381823644e-01	3.103893542e+00
3.103893542e+00	2.414268010e-01	-5.608266122e-01	3.107035134e+00
3.107035134e+00	1.891811042e-01	1.375468854e+00	3.122743098e+00
3.122743098e+00	3.402398937e-01	3.193895331e-01	3.188716543e+00
3.063052837e+00	-2.611363463e+00	2.444588660e+00	3.000220984e+00
3.238982026e+00	4.169880953e+00	-2.732611103e+00	3.367787325e+00
3.367787325e+00	1.543310134e+00	-1.087189732e+00	3.408628029e+00
3.298672286e+00	-2.039574457e+00	1.409924438e+00	3.260973174e+00
3.163583802e+00	-2.869020740e+00	2.295433258e+00	3.097610356e+00
3.213849285e+00	3.003659000e+00	-1.794212708e+00	3.317521842e+00
3.194999729e+00	-2.660945511e+00	2.172205496e+00	3.138451061e+00
3.088185578e+00	-1.877860799e+00	1.465276014e+00	3.034778503e+00
3.286105916e+00	4.614581484e+00	-1.794095314e+00	3.480884660e+00
3.480884660e+00	3.209408116e+00	-1.331842340e+00	3.631681108e+00
3.631681108e+00	3.028299551e+00	-2.398465918e+00	3.757344814e+00
3.757344814e+00	2.233384514e+00	-2.404101972e+00	3.857875779e+00
3.857875779e+00	1.894421781e+00	1.212359100e+00	4.080928857e+00
4.080928857e+00	7.039901372e+00	1.713157893e+00	4.602433238e+00
4.602433238e+00	1.372342706e+01	1.976133861e+00	5.472654403e+00
5.472654403e+00	2.041306946e+01	2.044470254e+00	6.587919795e+00
6.587919795e+00	2.302851103e+01	1.870381789e+00	7.678052445e+00
7.678052445e+00	1.994727966e+01	-6.243479675e-01	8.482300165e+00
8.482300165e+00	1.256715606e+01	-9.612799325e-01	8.953539063e+00
8.953539063e+00	7.009142655e+00	-9.300558194e-01	9.192300104e+00
9.192300104e+00	3.226489663e+00	-4.324265115e-02	9.311680625e+00
9.311680625e+00	1.890870471e+00	-6.207736928e-01	9.361946108e+00
9.361946108e+00	7.707646742e-01	-2.307616838e-01	9.355662922e+00
9.355662922e+00	2.097784335e-01	1.263191628e+00	9.365087700e+00
9.365087700e+00	1.267295811e-01	7.054551254e-01	9.421636368e+00
9.421636368e+00	1.408585262e+00	-1.629173017e+00	9.440485924e+00
9.393362034e+00	-1.581019429e+00	1.577379695e+00	9.361946108e+00
9.588140779e+00	-6.228549252e-01	-9.081887064e-01	9.544158482e+00
9.544158482e+00	-9.826641537e-01	6.871525288e-01	9.528450518e+00
9.528450518e+00	-4.608869452e-01	-1.297770948e+00	9.519025740e+00
9.519025740e+00	-1.980674796e-01	-5.568097533e-01	9.468760258e+00
9.468760258e+00	-1.041320239e+00	8.518020746e-02	9.421636368e+00